17 11
29 11
41 11
54 11
68 11
81 11
94 11
105 11
113 11
118 11
119 11
122 11
124 11
127 11
135 14
141 20
146 29
147 32
147 35
147 38
147 43
147 46
147 49
143 56
138 64
134 69
122 75
108 83
90 91
73 96
59 101
45 105
33 108
23 110
15 112
13 113
13 111
13 101
13 96
20 86
31 76
48 66
70 56
97 50
117 49
132 48
145 45
150 45
153 45
155 45
156 48
157 52
157 60
157 65
157 76
157 86
152 95
144 105
134 115
124 126
114 131
104 139
98 141
90 145
87 147
87 148
86 145
86 137
86 132
87 126
94 119
106 112
123 107
142 101
159 101
172 101
179 101
185 103
186 105
187 107
188 110
188 117
190 122
190 128
190 133
190 141
190 149
186 158
180 167
174 173
165 180
153 185
139 187
128 189
118 189
110 189
103 189
101 188
100 185
98 179
98 171
98 165
98 157
98 152
102 140
111 133
128 121
145 110
171 106
193 106
215 106
227 107
235 112
239 116
243 120
244 123
244 128
244 132
244 139
244 145
244 153
241 159
234 167
226 174
213 182
197 187
182 187
161 190
145 190
132 190
121 190
115 190
112 189
111 188
108 185
108 182
108 179
108 174
108 173
108 170
108 164
115 158
126 151
138 149
153 146
167 146
179 146
186 146
190 146
192 147
194 152
194 157
194 163
194 172
194 177
188 186
184 193
175 202
165 210
154 212
132 215
95 218
52 218
-1 211
-45 196
-88 185
-111 174
-118 168
-122 162
-125 153
-125 147
-125 137
-125 129
-124 119
-119 110
-110 99
-102 89
-90 76
-74 67
-53 57
-34 51
-9 48
17 45
38 43
62 43
76 43
87 43
94 43
97 43
98 43
101 43
104 43
109 43
117 45
124 48
132 50
146 54
157 57
168 61
176 65
183 68
186 71
187 72
188 72
190 73
190 74
193 75
197 77
200 79
204 80
207 81
211 83
212 83
213 83
215 83
218 83
219 82
221 80
221 77
223 72
223 66
223 61
223 56
213 42
204 38
186 27
170 19
164 15
163 15
159 14
152 14
141 11
125 11
106 6
87 6
62 6
40 6
30 6
16 6
7 8
-3 11
-11 16
-18 22
-24 28
-29 35
-33 42
-37 50
-39 56
-43 63
-48 73
-50 84
-50 93
-52 105
-52 118
-52 133
-48 149
-41 164
-28 185
-11 205
-1 214
16 228
27 234
38 239
49 245
58 247
66 252
76 256
85 256
94 258
102 260
110 262
121 262
133 262
145 262
158 262
173 260
186 254
201 244
209 237
217 230
221 221
227 212
231 201
234 188
234 180
234 174
237 162
237 151
237 140
237 132
237 124
233 116
232 112
230 107
224 100
219 94
211 84
203 78
194 71
186 69
183 68
178 66
174 66
169 66
158 66
145 66
130 66
116 72
106 79
93 87
86 94
76 102
68 107
62 114
57 121
54 126
50 132
47 136
46 140
44 141
